RunId,ProjectId,Timestamp,RepositoryUrl,Script,Calling_Object_Type,Calling_Object_Database,Calling_Object_Schema,Calling_Object_Name,Calling_Object_FullName,Referenced_Object_Type,Referenced_Object_Database,Referenced_Object_Schema,Referenced_Object_Name,Referenced_Object_FullName,Line
29617bcb-8065-45a1-9e09-02b1af15a884,18777,2022-12-12-19-49-29,https://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:x-oauth-basic@github.com/craguilar-mobilize/conversion_repo.git,Sources/CLI_Ora/Source_Code.sql,SQLView,DBADM,NULL,View_DemoUsers,DBADM.View_DemoUsers,SQLTable,NULL,NULL,DemoUsers,DemoUsers,25
29617bcb-8065-45a1-9e09-02b1af15a884,18777,2022-12-12-19-49-29,https://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:x-oauth-basic@github.com/craguilar-mobilize/conversion_repo.git,Sources/CLI_Ora/Source_Code.sql,SQLView,DBADM,NULL,View_DemoUsers,DBADM.View_DemoUsers,SQLTable,NULL,NULL,DemoUsers,DemoUsers,25
29617bcb-8065-45a1-9e09-02b1af15a884,18777,2022-12-12-19-49-29,https://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:x-oauth-basic@github.com/craguilar-mobilize/conversion_repo.git,Sources/CLI_Ora/Source_Code.sql,SQLView,DBADM,NULL,View_DemoUsers,DBADM.View_DemoUsers,SQLTable,NULL,NULL,DemoUsers,DemoUsers,25
29617bcb-8065-45a1-9e09-02b1af15a884,18777,2022-12-12-19-49-29,https://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:x-oauth-basic@github.com/craguilar-mobilize/conversion_repo.git,Sources/CLI_Ora/Source_Code.sql,SQLView,DBADM,NULL,View_DemoUsers,DBADM.View_DemoUsers,SQLTable,NULL,NULL,DemoUsers,DemoUsers,25
29617bcb-8065-45a1-9e09-02b1af15a884,18777,2022-12-12-19-49-29,https://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:x-oauth-basic@github.com/craguilar-mobilize/conversion_repo.git,Sources/CLI_Ora/Source_Code.sql,SQLView,DBADM,NULL,View_DemoUsers,DBADM.View_DemoUsers,SQLTable,NULL,NULL,DemoUsers,DemoUsers,25
29617bcb-8065-45a1-9e09-02b1af15a884,18777,2022-12-12-19-49-29,https://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:x-oauth-basic@github.com/craguilar-mobilize/conversion_repo.git,Sources/CLI_Ora/Source_Code.sql,SQLView,DBADM,NULL,View_DemoUsers,DBADM.View_DemoUsers,SQLTable,NULL,NULL,DemoUsers,DemoUsers,25
29617bcb-8065-45a1-9e09-02b1af15a884,18777,2022-12-12-19-49-29,https://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:x-oauth-basic@github.com/craguilar-mobilize/conversion_repo.git,Sources/CLI_T12/Source_Code.sql,SQLView,DBADM,NULL,View_DemoUsers,DBADM.View_DemoUsers,SQLTable,NULL,NULL,DemoUsers,DemoUsers,25
29617bcb-8065-45a1-9e09-02b1af15a884,18777,2022-12-12-19-49-29,https://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:x-oauth-basic@github.com/craguilar-mobilize/conversion_repo.git,Sources/CLI_T12/Source_Code.sql,SQLView,DBADM,NULL,View_DemoUsers,DBADM.View_DemoUsers,SQLTable,NULL,NULL,DemoUsers,DemoUsers,25
29617bcb-8065-45a1-9e09-02b1af15a884,18777,2022-12-12-19-49-29,https://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:x-oauth-basic@github.com/craguilar-mobilize/conversion_repo.git,Sources/CLI_T12/Source_Code.sql,SQLView,DBADM,NULL,View_DemoUsers,DBADM.View_DemoUsers,SQLTable,NULL,NULL,DemoUsers,DemoUsers,25
29617bcb-8065-45a1-9e09-02b1af15a884,18777,2022-12-12-19-49-29,https://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:x-oauth-basic@github.com/craguilar-mobilize/conversion_repo.git,Sources/CLI_T12/Source_Code.sql,SQLView,DBADM,NULL,View_DemoUsers,DBADM.View_DemoUsers,SQLTable,NULL,NULL,DemoUsers,DemoUsers,25
29617bcb-8065-45a1-9e09-02b1af15a884,18777,2022-12-12-19-49-29,https://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:x-oauth-basic@github.com/craguilar-mobilize/conversion_repo.git,Sources/CLI_T12/Source_Code.sql,SQLView,DBADM,NULL,View_DemoUsers,DBADM.View_DemoUsers,SQLTable,NULL,NULL,DemoUsers,DemoUsers,25
29617bcb-8065-45a1-9e09-02b1af15a884,18777,2022-12-12-19-49-29,https://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:x-oauth-basic@github.com/craguilar-mobilize/conversion_repo.git,Sources/CLI_T12/Source_Code.sql,SQLView,DBADM,NULL,View_DemoUsers,DBADM.View_DemoUsers,SQLTable,NULL,NULL,DemoUsers,DemoUsers,25
